classifier,iter,augmentation,AUC,F1-score,Kappa,balanced-accuracy,MCC
GNB,0,Baseline,0.784062,0.696035,0.347518,0.677487,0.365784
GNB,0,ROS,0.780997,0.690265,0.337640,0.672332,0.354271
GNB,0,RUS,0.785456,0.699115,0.356564,0.681991,0.374127
GNB,0,SMOTE,0.779419,0.704846,0.366430,0.687146,0.385690
GNB,0,Borderline-SMOTE,0.782855,0.707424,0.367236,0.687796,0.389108
GNB,0,SVM-SMOTE,0.782391,0.698690,0.348347,0.678137,0.369094
GNB,0,ADASYN,0.783041,0.696035,0.347518,0.677487,0.365784
GNB,0,G-SMOTE,0.792886,0.701754,0.357383,0.682641,0.377395
GNB,0,CiFRUS (train),0.791307,0.692308,0.322169,0.665274,0.347769
GNB,0,CiFRUS (train/test),0.765394,0.678899,0.334248,0.669732,0.343311
GNB,0,CiFRUS (balanced-train/test),0.765023,0.678899,0.334248,0.669732,0.343311
GNB,1,Baseline,0.794557,0.693694,0.354921,0.680691,0.368146
GNB,1,ROS,0.789821,0.678733,0.326031,0.665877,0.337298
GNB,1,RUS,0.799201,0.696035,0.347518,0.677487,0.365784
GNB,1,SMOTE,0.792143,0.699552,0.364813,0.685846,0.379435
GNB,1,Borderline-SMOTE,0.795951,0.707424,0.367236,0.687796,0.389108
GNB,1,SVM-SMOTE,0.793071,0.693333,0.346686,0.676837,0.362660
GNB,1,ADASYN,0.794836,0.693694,0.354921,0.680691,0.368146
GNB,1,G-SMOTE,0.805517,0.705882,0.382986,0.694855,0.396221
GNB,1,CiFRUS (train),0.803102,0.715517,0.377866,0.693601,0.404721
GNB,1,CiFRUS (train/test),0.779976,0.682243,0.351609,0.678090,0.358183
GNB,1,CiFRUS (balanced-train/test),0.777468,0.682028,0.343338,0.674236,0.351871
GNB,2,Baseline,0.797065,0.699552,0.364813,0.685846,0.379435
GNB,2,ROS,0.790378,0.690583,0.345852,0.676186,0.359714
GNB,2,RUS,0.795951,0.702222,0.365623,0.686496,0.382469
GNB,2,SMOTE,0.788985,0.696035,0.347518,0.677487,0.365784
GNB,2,Borderline-SMOTE,0.801709,0.707424,0.367236,0.687796,0.389108
GNB,2,SVM-SMOTE,0.796322,0.710526,0.376284,0.692301,0.397353
GNB,2,ADASYN,0.798830,0.702703,0.373894,0.690350,0.387826
GNB,2,G-SMOTE,0.803474,0.723214,0.412590,0.710319,0.430339
GNB,2,CiFRUS (train),0.809418,0.706383,0.350823,0.680087,0.380252
GNB,2,CiFRUS (train/test),0.778211,0.685446,0.360734,0.682595,0.366812
GNB,2,CiFRUS (balanced-train/test),0.778118,0.672811,0.324305,0.664577,0.332364
GNB,3,Baseline,0.795022,0.699115,0.356564,0.681991,0.374127
GNB,3,ROS,0.789356,0.693333,0.346686,0.676837,0.362660
GNB,3,RUS,0.794186,0.701754,0.357383,0.682641,0.377395
GNB,3,SMOTE,0.789542,0.690265,0.337640,0.672332,0.354271
GNB,3,Borderline-SMOTE,0.799016,0.718615,0.386904,0.698105,0.412862
GNB,3,SVM-SMOTE,0.797065,0.713656,0.385343,0.696805,0.405597
GNB,3,ADASYN,0.795022,0.699115,0.356564,0.681991,0.374127
GNB,3,G-SMOTE,0.807096,0.713043,0.377076,0.692951,0.400929
GNB,3,CiFRUS (train),0.808860,0.717300,0.370437,0.690397,0.404965
GNB,3,CiFRUS (train/test),0.780347,0.684932,0.344178,0.674886,0.354327
GNB,3,CiFRUS (balanced-train/test),0.779047,0.688073,0.353269,0.679391,0.362848
GNB,4,Baseline,0.791585,0.705357,0.374693,0.691000,0.390811
GNB,4,ROS,0.786756,0.684444,0.327749,0.667177,0.342851
GNB,4,RUS,0.793071,0.710526,0.376284,0.692301,0.397353
GNB,4,SMOTE,0.786291,0.716814,0.394414,0.701310,0.413841
GNB,4,Borderline-SMOTE,0.790285,0.710526,0.376284,0.692301,0.397353
GNB,4,SVM-SMOTE,0.788428,0.722467,0.404255,0.706464,0.425503
GNB,4,ADASYN,0.790750,0.705357,0.374693,0.691000,0.390811
GNB,4,G-SMOTE,0.802080,0.725664,0.413338,0.710969,0.433698
GNB,4,CiFRUS (train),0.799851,0.725738,0.389230,0.700056,0.425510
GNB,4,CiFRUS (train/test),0.778397,0.685185,0.352440,0.678741,0.360439
GNB,4,CiFRUS (balanced-train/test),0.774310,0.682028,0.343338,0.674236,0.351871
GNB,5,Baseline,0.799480,0.711111,0.384559,0.696155,0.402278
GNB,5,ROS,0.795393,0.693694,0.354921,0.680691,0.368146
GNB,5,RUS,0.799573,0.716814,0.394414,0.701310,0.413841
GNB,5,SMOTE,0.794000,0.699115,0.356564,0.681991,0.374127
GNB,5,Borderline-SMOTE,0.796322,0.704846,0.366430,0.687146,0.385690
GNB,5,SVM-SMOTE,0.799573,0.704846,0.366430,0.687146,0.385690
GNB,5,ADASYN,0.801152,0.711111,0.384559,0.696155,0.402278
GNB,5,G-SMOTE,0.805238,0.713656,0.385343,0.696805,0.405597
GNB,5,CiFRUS (train),0.808210,0.708861,0.351644,0.680737,0.384421
GNB,5,CiFRUS (train/test),0.785734,0.685185,0.352440,0.678741,0.360439
GNB,5,CiFRUS (balanced-train/test),0.785548,0.675926,0.333394,0.669081,0.340961
GNB,6,Baseline,0.800780,0.711111,0.384559,0.696155,0.402278
GNB,6,ROS,0.800502,0.699552,0.364813,0.685846,0.379435
GNB,6,RUS,0.800223,0.716814,0.394414,0.701310,0.413841
GNB,6,SMOTE,0.795486,0.705357,0.374693,0.691000,0.390811
GNB,6,Borderline-SMOTE,0.803474,0.724891,0.405013,0.707114,0.429135
GNB,6,SVM-SMOTE,0.800409,0.711111,0.384559,0.696155,0.402278
GNB,6,ADASYN,0.802545,0.711111,0.384559,0.696155,0.402278
GNB,6,G-SMOTE,0.806538,0.714286,0.393641,0.700659,0.410575
GNB,6,CiFRUS (train),0.810161,0.735043,0.416312,0.713569,0.449393
GNB,6,CiFRUS (train/test),0.788799,0.675926,0.333394,0.669081,0.340961
GNB,6,CiFRUS (balanced-train/test),0.788706,0.675926,0.333394,0.669081,0.340961
GNB,7,Baseline,0.790750,0.707424,0.367236,0.687796,0.389108
GNB,7,ROS,0.786849,0.687500,0.336795,0.671682,0.351283
GNB,7,RUS,0.795672,0.716157,0.386124,0.697455,0.409121
GNB,7,SMOTE,0.784620,0.704846,0.366430,0.687146,0.385690
GNB,7,Borderline-SMOTE,0.793814,0.709957,0.368039,0.688446,0.392732
GNB,7,SVM-SMOTE,0.791028,0.707424,0.367236,0.687796,0.389108
GNB,7,ADASYN,0.792607,0.707424,0.367236,0.687796,0.389108
GNB,7,G-SMOTE,0.794836,0.716157,0.386124,0.697455,0.409121
GNB,7,CiFRUS (train),0.803195,0.714286,0.361445,0.685892,0.396909
GNB,7,CiFRUS (train/test),0.779233,0.666667,0.314349,0.659422,0.321483
GNB,7,CiFRUS (balanced-train/test),0.779047,0.675799,0.325169,0.665227,0.334757
GNB,8,Baseline,0.789728,0.696429,0.355744,0.681341,0.371047
GNB,8,ROS,0.785363,0.684685,0.335948,0.671032,0.348466
GNB,8,RUS,0.790192,0.699115,0.356564,0.681991,0.374127
GNB,8,SMOTE,0.786199,0.699115,0.356564,0.681991,0.374127
GNB,8,Borderline-SMOTE,0.792793,0.702222,0.365623,0.686496,0.382469
GNB,8,SVM-SMOTE,0.788706,0.693333,0.346686,0.676837,0.362660
GNB,8,ADASYN,0.790099,0.699552,0.364813,0.685846,0.379435
GNB,8,G-SMOTE,0.801337,0.702703,0.373894,0.690350,0.387826
GNB,8,CiFRUS (train),0.796601,0.715517,0.377866,0.693601,0.404721
GNB,8,CiFRUS (train/test),0.778676,0.666667,0.322569,0.663277,0.328004
GNB,8,CiFRUS (balanced-train/test),0.779604,0.682243,0.351609,0.678090,0.358183
GNB,9,Baseline,0.801152,0.714932,0.401972,0.704514,0.415862
GNB,9,ROS,0.797715,0.711712,0.392867,0.700009,0.407505
GNB,9,RUS,0.798551,0.723214,0.412590,0.710319,0.430339
GNB,9,SMOTE,0.797437,0.716814,0.394414,0.701310,0.413841
GNB,9,Borderline-SMOTE,0.801245,0.722467,0.404255,0.706464,0.425503
GNB,9,SVM-SMOTE,0.794557,0.711111,0.384559,0.696155,0.402278
GNB,9,ADASYN,0.800687,0.708520,0.383774,0.695505,0.399156
GNB,9,G-SMOTE,0.813690,0.723982,0.420957,0.714173,0.435503
GNB,9,CiFRUS (train),0.813597,0.727273,0.405768,0.707764,0.432992
GNB,9,CiFRUS (train/test),0.791400,0.685185,0.352440,0.678741,0.360439
GNB,9,CiFRUS (balanced-train/test),0.790007,0.682243,0.351609,0.678090,0.358183
KNN,0,Baseline,0.917712,0.770115,0.608544,0.800316,0.620547
KNN,0,ROS,0.915065,0.765714,0.599022,0.795811,0.609640
KNN,0,RUS,0.906706,0.777778,0.610085,0.802266,0.615847
KNN,0,SMOTE,0.926767,0.802198,0.649537,0.822235,0.654015
KNN,0,Borderline-SMOTE,0.919430,0.797872,0.631515,0.814526,0.632587
KNN,0,SVM-SMOTE,0.909399,0.786885,0.620580,0.808071,0.624164
KNN,0,ADASYN,0.916504,0.765714,0.599022,0.795811,0.609640
KNN,0,G-SMOTE,0.917758,0.770115,0.608544,0.800316,0.620547
KNN,0,CiFRUS (train),0.890313,0.846561,0.718971,0.858317,0.719817
KNN,0,CiFRUS (train/test),0.929832,0.843243,0.718236,0.857017,0.720998
KNN,0,CiFRUS (balanced-train/test),0.926210,0.846154,0.727417,0.860871,0.732432
KNN,1,Baseline,0.912139,0.777143,0.618582,0.805470,0.629546
KNN,1,ROS,0.911442,0.788889,0.629581,0.811925,0.635527
KNN,1,RUS,0.908749,0.795580,0.639565,0.817080,0.644756
KNN,1,SMOTE,0.921937,0.825397,0.680209,0.838999,0.681009
KNN,1,Borderline-SMOTE,0.924956,0.821053,0.670733,0.834494,0.671237
KNN,1,SVM-SMOTE,0.916783,0.791209,0.630066,0.812575,0.634410
KNN,1,ADASYN,0.911628,0.779661,0.619083,0.806121,0.627798
KNN,1,G-SMOTE,0.913114,0.784091,0.628606,0.810625,0.638565
KNN,1,CiFRUS (train),0.896675,0.854054,0.737668,0.866676,0.740505
KNN,1,CiFRUS (train/test),0.928346,0.832432,0.698804,0.847358,0.701491
KNN,1,CiFRUS (balanced-train/test),0.923098,0.836957,0.708329,0.851862,0.711701
KNN,2,Baseline,0.927974,0.813559,0.677686,0.835098,0.687225
KNN,2,ROS,0.923888,0.817680,0.678531,0.836398,0.684039
KNN,2,RUS,0.911535,0.797814,0.640037,0.817730,0.643734
KNN,2,SMOTE,0.930389,0.840426,0.709091,0.853162,0.710294
KNN,2,Borderline-SMOTE,0.932525,0.834225,0.699198,0.848008,0.700816
KNN,2,SVM-SMOTE,0.927881,0.827957,0.689291,0.842853,0.691380
KNN,2,ADASYN,0.929321,0.820225,0.687658,0.840253,0.696201
KNN,2,G-SMOTE,0.925281,0.808989,0.668137,0.830593,0.676437
KNN,2,CiFRUS (train),0.910421,0.846561,0.718971,0.858317,0.719817
KNN,2,CiFRUS (train/test),0.940141,0.854054,0.737668,0.866676,0.740505
KNN,2,CiFRUS (balanced-train/test),0.942510,0.861702,0.747879,0.872481,0.749148
KNN,3,Baseline,0.919151,0.797688,0.657250,0.824139,0.671606
KNN,3,ROS,0.918733,0.826816,0.697618,0.845407,0.705207
KNN,3,RUS,0.913904,0.824176,0.688477,0.841553,0.693224
KNN,3,SMOTE,0.927185,0.828729,0.698014,0.846057,0.703680
KNN,3,Borderline-SMOTE,0.938841,0.858639,0.738693,0.868626,0.739005
KNN,3,SVM-SMOTE,0.936798,0.832432,0.698804,0.847358,0.701491
KNN,3,ADASYN,0.919151,0.797688,0.657250,0.824139,0.671606
KNN,3,G-SMOTE,0.921334,0.797688,0.657250,0.824139,0.671606
KNN,3,CiFRUS (train),0.902944,0.855615,0.738011,0.867326,0.739719
KNN,3,CiFRUS (train/test),0.932525,0.858696,0.747219,0.871180,0.750776
KNN,3,CiFRUS (balanced-train/test),0.939909,0.877005,0.776824,0.886644,0.778622
KNN,4,Baseline,0.918780,0.795455,0.648153,0.820284,0.658422
KNN,4,ROS,0.916783,0.800000,0.649077,0.821584,0.655207
KNN,4,RUS,0.911210,0.815217,0.669440,0.832544,0.672627
KNN,4,SMOTE,0.934244,0.844920,0.718604,0.857667,0.720268
KNN,4,Borderline-SMOTE,0.921752,0.821622,0.679372,0.837699,0.681985
KNN,4,SVM-SMOTE,0.916551,0.826087,0.688885,0.842203,0.692164
KNN,4,ADASYN,0.918362,0.795455,0.648153,0.820284,0.658422
KNN,4,G-SMOTE,0.917712,0.790960,0.638618,0.815780,0.647607
KNN,4,CiFRUS (train),0.921009,0.858696,0.747219,0.871180,0.750776
KNN,4,CiFRUS (train/test),0.939259,0.854054,0.737668,0.866676,0.740505
KNN,4,CiFRUS (balanced-train/test),0.935590,0.849462,0.728130,0.862171,0.730337
KNN,5,Baseline,0.921705,0.777143,0.618582,0.805470,0.629546
KNN,5,ROS,0.923098,0.775281,0.609573,0.801616,0.617145
KNN,5,RUS,0.908424,0.788889,0.629581,0.811925,0.635527
KNN,5,SMOTE,0.932990,0.843243,0.718236,0.857017,0.720998
KNN,5,Borderline-SMOTE,0.922077,0.821622,0.679372,0.837699,0.681985
KNN,5,SVM-SMOTE,0.929832,0.817680,0.678531,0.836398,0.684039
KNN,5,ADASYN,0.924770,0.777143,0.618582,0.805470,0.629546
KNN,5,G-SMOTE,0.919058,0.777143,0.618582,0.805470,0.629546
KNN,5,CiFRUS (train),0.891056,0.831579,0.690101,0.844153,0.690620
KNN,5,CiFRUS (train/test),0.938702,0.834225,0.699198,0.848008,0.700816
KNN,5,CiFRUS (balanced-train/test),0.933175,0.834225,0.699198,0.848008,0.700816
KNN,6,Baseline,0.909446,0.797753,0.648616,0.820934,0.656673
KNN,6,ROS,0.911535,0.817680,0.678531,0.836398,0.684039
KNN,6,RUS,0.899415,0.806452,0.650453,0.823535,0.652424
KNN,6,SMOTE,0.923238,0.832432,0.698804,0.847358,0.701491
KNN,6,Borderline-SMOTE,0.926906,0.836957,0.708329,0.851862,0.711701
KNN,6,SVM-SMOTE,0.921659,0.832432,0.698804,0.847358,0.701491
KNN,6,ADASYN,0.909446,0.793296,0.639092,0.816430,0.646045
KNN,6,G-SMOTE,0.909446,0.797753,0.648616,0.820934,0.656673
KNN,6,CiFRUS (train),0.880886,0.827957,0.689291,0.842853,0.691380
KNN,6,CiFRUS (train/test),0.925327,0.815217,0.669440,0.832544,0.672627
KNN,6,CiFRUS (balanced-train/test),0.925606,0.808743,0.659495,0.827389,0.663304
KNN,7,Baseline,0.916179,0.777143,0.618582,0.805470,0.629546
KNN,7,ROS,0.908610,0.784530,0.620082,0.807421,0.625115
KNN,7,RUS,0.912743,0.804469,0.658601,0.826089,0.665765
KNN,7,SMOTE,0.915668,0.795580,0.639565,0.817080,0.644756
KNN,7,Borderline-SMOTE,0.928346,0.804348,0.649995,0.822885,0.653089
KNN,7,SVM-SMOTE,0.928067,0.802198,0.649537,0.822235,0.654015
KNN,7,ADASYN,0.916876,0.788889,0.629581,0.811925,0.635527
KNN,7,G-SMOTE,0.916179,0.777143,0.618582,0.805470,0.629546
KNN,7,CiFRUS (train),0.898393,0.849462,0.728130,0.862171,0.730337
KNN,7,CiFRUS (train/test),0.930761,0.836957,0.708329,0.851862,0.711701
KNN,7,CiFRUS (balanced-train/test),0.938609,0.836957,0.708329,0.851862,0.711701
KNN,8,Baseline,0.909910,0.781609,0.628117,0.809975,0.640506
KNN,8,ROS,0.913950,0.808989,0.668137,0.830593,0.676437
KNN,8,RUS,0.901551,0.782123,0.619584,0.806771,0.626324
KNN,8,SMOTE,0.919058,0.812834,0.660384,0.828690,0.661913
KNN,8,Borderline-SMOTE,0.913300,0.817204,0.669872,0.833194,0.671902
KNN,8,SVM-SMOTE,0.917712,0.836957,0.708329,0.851862,0.711701
KNN,8,ADASYN,0.910514,0.784091,0.628606,0.810625,0.638565
KNN,8,G-SMOTE,0.910328,0.781609,0.628117,0.809975,0.640506
KNN,8,CiFRUS (train),0.884880,0.830601,0.698410,0.846708,0.702444
KNN,8,CiFRUS (train/test),0.923609,0.841530,0.717867,0.856367,0.722013
KNN,8,CiFRUS (balanced-train/test),0.926906,0.824176,0.688477,0.841553,0.693224
KNN,9,Baseline,0.914507,0.768362,0.599549,0.796461,0.607989
KNN,9,ROS,0.916504,0.788889,0.629581,0.811925,0.635527
KNN,9,RUS,0.907356,0.784530,0.620082,0.807421,0.625115
KNN,9,SMOTE,0.926813,0.808743,0.659495,0.827389,0.663304
KNN,9,Borderline-SMOTE,0.936751,0.821053,0.670733,0.834494,0.671237
KNN,9,SVM-SMOTE,0.933686,0.821053,0.670733,0.834494,0.671237
KNN,9,ADASYN,0.922402,0.768362,0.599549,0.796461,0.607989
KNN,9,G-SMOTE,0.913718,0.764045,0.590052,0.791957,0.597381
KNN,9,CiFRUS (train),0.922959,0.873684,0.767576,0.882790,0.768153
KNN,9,CiFRUS (train/test),0.943903,0.855615,0.738011,0.867326,0.739719
KNN,9,CiFRUS (balanced-train/test),0.942184,0.851064,0.728485,0.862822,0.729721
LR,0,Baseline,0.838767,0.736842,0.515784,0.757221,0.516171
LR,0,ROS,0.835237,0.742268,0.517043,0.758521,0.517043
LR,0,RUS,0.837838,0.747475,0.518296,0.759822,0.518681
LR,0,SMOTE,0.839045,0.746114,0.526394,0.763026,0.526419
LR,0,Borderline-SMOTE,0.838024,0.735751,0.507063,0.753367,0.507087
LR,0,SVM-SMOTE,0.835516,0.731959,0.497725,0.748862,0.497725
LR,0,ADASYN,0.838024,0.743455,0.525777,0.762376,0.525999
LR,0,G-SMOTE,0.831429,0.728205,0.488398,0.744358,0.488421
LR,0,CiFRUS (train),0.822420,0.721649,0.478406,0.739203,0.478406
LR,0,CiFRUS (train/test),0.825764,0.701571,0.448353,0.723739,0.448542
LR,0,CiFRUS (balanced-train/test),0.819077,0.687831,0.428252,0.713430,0.428756
LR,1,Baseline,0.856320,0.753927,0.545133,0.772035,0.545363
LR,1,ROS,0.857435,0.771574,0.566185,0.783644,0.566422
LR,1,RUS,0.850190,0.755102,0.536963,0.768831,0.537063
LR,1,SMOTE,0.857156,0.761421,0.546904,0.773985,0.547133
LR,1,Borderline-SMOTE,0.851398,0.752577,0.536361,0.768181,0.536361
LR,1,SVM-SMOTE,0.856227,0.756477,0.545725,0.772685,0.545750
LR,1,ADASYN,0.855577,0.753927,0.545133,0.772035,0.545363
LR,1,G-SMOTE,0.853813,0.738462,0.507704,0.754017,0.507727
LR,1,CiFRUS (train),0.846475,0.711340,0.459088,0.729544,0.459088
LR,1,CiFRUS (train/test),0.845825,0.747368,0.535152,0.766880,0.535554
LR,1,CiFRUS (balanced-train/test),0.843225,0.735751,0.507063,0.753367,0.507087
LR,2,Baseline,0.867094,0.743455,0.525777,0.762376,0.525999
LR,2,ROS,0.868208,0.750000,0.535757,0.767530,0.535858
LR,2,RUS,0.867651,0.744898,0.517670,0.759172,0.517766
LR,2,SMOTE,0.867001,0.746114,0.526394,0.763026,0.526419
LR,2,Borderline-SMOTE,0.868116,0.746114,0.526394,0.763026,0.526419
LR,2,SVM-SMOTE,0.870252,0.750000,0.535757,0.767530,0.535858
LR,2,ADASYN,0.866722,0.739583,0.516414,0.757871,0.516511
LR,2,G-SMOTE,0.864679,0.756477,0.545725,0.772685,0.545750
LR,2,CiFRUS (train),0.857063,0.752577,0.536361,0.768181,0.536361
LR,2,CiFRUS (train/test),0.848797,0.730159,0.505777,0.752066,0.506372
LR,2,CiFRUS (balanced-train/test),0.848890,0.743455,0.525777,0.762376,0.525999
LR,3,Baseline,0.875824,0.776596,0.592727,0.795208,0.593733
LR,3,ROS,0.873688,0.768421,0.573890,0.786199,0.574321
LR,3,RUS,0.875824,0.785714,0.594843,0.797808,0.594954
LR,3,SMOTE,0.877403,0.789474,0.612627,0.805517,0.613087
LR,3,Borderline-SMOTE,0.870159,0.764398,0.564489,0.781694,0.564727
LR,3,SVM-SMOTE,0.877589,0.783069,0.602684,0.800362,0.603392
LR,3,ADASYN,0.875824,0.776596,0.592727,0.795208,0.593733
LR,3,G-SMOTE,0.872109,0.761905,0.563921,0.781044,0.564584
LR,3,CiFRUS (train),0.856877,0.750000,0.535757,0.767530,0.535858
LR,3,CiFRUS (train/test),0.849819,0.736842,0.515784,0.757221,0.516171
LR,3,CiFRUS (balanced-train/test),0.846290,0.736842,0.515784,0.757221,0.516171
LR,4,Baseline,0.826693,0.712042,0.467709,0.733398,0.467906
LR,4,ROS,0.826043,0.729167,0.497071,0.748212,0.497164
LR,4,RUS,0.824557,0.731959,0.497725,0.748862,0.497725
LR,4,SMOTE,0.828086,0.728205,0.488398,0.744358,0.488421
LR,4,Borderline-SMOTE,0.823442,0.708333,0.458384,0.728894,0.458469
LR,4,SVM-SMOTE,0.823535,0.715026,0.468401,0.734048,0.468423
LR,4,ADASYN,0.825764,0.718750,0.477727,0.738553,0.477817
LR,4,G-SMOTE,0.823999,0.724490,0.479084,0.739853,0.479173
LR,4,CiFRUS (train),0.805610,0.701031,0.439770,0.719885,0.439770
LR,4,CiFRUS (train/test),0.809789,0.694301,0.429740,0.714730,0.429760
LR,4,CiFRUS (balanced-train/test),0.803381,0.694301,0.429740,0.714730,0.429760
LR,5,Baseline,0.865051,0.760417,0.555101,0.777190,0.555205
LR,5,ROS,0.865515,0.779487,0.584927,0.792653,0.584954
LR,5,RUS,0.855206,0.753927,0.545133,0.772035,0.545363
LR,5,SMOTE,0.864215,0.773196,0.574998,0.787499,0.574998
LR,5,Borderline-SMOTE,0.860407,0.765306,0.556256,0.778490,0.556360
LR,5,SVM-SMOTE,0.864586,0.760417,0.555101,0.777190,0.555205
LR,5,ADASYN,0.865515,0.764398,0.564489,0.781694,0.564727
LR,5,G-SMOTE,0.851119,0.746114,0.526394,0.763026,0.526419
LR,5,CiFRUS (train),0.847311,0.744898,0.517670,0.759172,0.517766
LR,5,CiFRUS (train/test),0.835980,0.722513,0.487065,0.743057,0.487270
LR,5,CiFRUS (balanced-train/test),0.830872,0.741117,0.508343,0.754667,0.508555
LR,6,Baseline,0.859664,0.760417,0.555101,0.777190,0.555205
LR,6,ROS,0.857806,0.753927,0.545133,0.772035,0.545363
LR,6,RUS,0.857342,0.765306,0.556256,0.778490,0.556360
LR,6,SMOTE,0.859014,0.766839,0.565056,0.782344,0.565082
LR,6,Borderline-SMOTE,0.858549,0.758974,0.546315,0.773335,0.546341
LR,6,SVM-SMOTE,0.859199,0.753927,0.545133,0.772035,0.545363
LR,6,ADASYN,0.858456,0.760417,0.555101,0.777190,0.555205
LR,6,G-SMOTE,0.856599,0.747368,0.535152,0.766880,0.535554
LR,6,CiFRUS (train),0.842203,0.730159,0.505777,0.752066,0.506372
LR,6,CiFRUS (train/test),0.838859,0.727273,0.505132,0.751416,0.506301
LR,6,CiFRUS (balanced-train/test),0.845175,0.735751,0.507063,0.753367,0.507087
LR,7,Baseline,0.859664,0.765306,0.556256,0.778490,0.556360
LR,7,ROS,0.860685,0.765306,0.556256,0.778490,0.556360
LR,7,RUS,0.853813,0.770000,0.557406,0.779790,0.558337
LR,7,SMOTE,0.859664,0.771574,0.566185,0.783644,0.566422
LR,7,Borderline-SMOTE,0.856320,0.767677,0.556832,0.779140,0.557246
LR,7,SVM-SMOTE,0.857342,0.767677,0.556832,0.779140,0.557246
LR,7,ADASYN,0.859757,0.771574,0.566185,0.783644,0.566422
LR,7,G-SMOTE,0.861057,0.779487,0.584927,0.792653,0.584954
LR,7,CiFRUS (train),0.848611,0.748718,0.527009,0.763676,0.527034
LR,7,CiFRUS (train/test),0.845918,0.746114,0.526394,0.763026,0.526419
LR,7,CiFRUS (balanced-train/test),0.842575,0.748718,0.527009,0.763676,0.527034
LR,8,Baseline,0.842296,0.746114,0.526394,0.763026,0.526419
LR,8,ROS,0.843132,0.746114,0.526394,0.763026,0.526419
LR,8,RUS,0.845175,0.746114,0.526394,0.763026,0.526419
LR,8,SMOTE,0.841739,0.748718,0.527009,0.763676,0.527034
LR,8,Borderline-SMOTE,0.845175,0.755102,0.536963,0.768831,0.537063
LR,8,SVM-SMOTE,0.844246,0.752577,0.536361,0.768181,0.536361
LR,8,ADASYN,0.841553,0.746114,0.526394,0.763026,0.526419
LR,8,G-SMOTE,0.843596,0.751269,0.527623,0.764326,0.527844
LR,8,CiFRUS (train),0.831058,0.716578,0.485725,0.741757,0.486849
LR,8,CiFRUS (train/test),0.830222,0.731183,0.514518,0.755921,0.516077
LR,8,CiFRUS (balanced-train/test),0.828643,0.740741,0.525158,0.761726,0.525776
LR,9,Baseline,0.849540,0.727273,0.505132,0.751416,0.506301
LR,9,ROS,0.848240,0.722513,0.487065,0.743057,0.487270
LR,9,RUS,0.842575,0.743455,0.525777,0.762376,0.525999
LR,9,SMOTE,0.848704,0.747368,0.535152,0.766880,0.535554
LR,9,Borderline-SMOTE,0.848147,0.747368,0.535152,0.766880,0.535554
LR,9,SVM-SMOTE,0.846568,0.732984,0.506421,0.752717,0.506635
LR,9,ADASYN,0.848519,0.734043,0.515152,0.756571,0.516026
LR,9,G-SMOTE,0.846754,0.732984,0.506421,0.752717,0.506635
LR,9,CiFRUS (train),0.832730,0.725389,0.487732,0.743708,0.487755
LR,9,CiFRUS (train/test),0.829572,0.712042,0.467709,0.733398,0.467906
LR,9,CiFRUS (balanced-train/test),0.828643,0.718750,0.477727,0.738553,0.477817
MLP,0,Baseline,0.929414,0.847826,0.727774,0.861521,0.731238
MLP,0,ROS,0.924027,0.835165,0.707947,0.851212,0.712828
MLP,0,RUS,0.913068,0.810526,0.651364,0.824835,0.651853
MLP,0,SMOTE,0.924492,0.835165,0.707947,0.851212,0.712828
MLP,0,Borderline-SMOTE,0.926813,0.849462,0.728130,0.862171,0.730337
MLP,0,SVM-SMOTE,0.928485,0.826087,0.688885,0.842203,0.692164
MLP,0,ADASYN,0.926256,0.847826,0.727774,0.861521,0.731238
MLP,0,G-SMOTE,0.925513,0.832432,0.698804,0.847358,0.701491
MLP,0,CiFRUS (train),0.927556,0.808743,0.659495,0.827389,0.663304
MLP,0,CiFRUS (train/test),0.926813,0.817680,0.678531,0.836398,0.684039
MLP,0,CiFRUS (balanced-train/test),0.921891,0.804469,0.658601,0.826089,0.665765
MLP,1,Baseline,0.943438,0.842105,0.709470,0.853813,0.710003
MLP,1,ROS,0.939352,0.843750,0.709848,0.854463,0.709981
MLP,1,RUS,0.937216,0.839378,0.700372,0.849958,0.700404
MLP,1,SMOTE,0.943810,0.861702,0.747879,0.872481,0.749148
MLP,1,Borderline-SMOTE,0.939352,0.843750,0.709848,0.854463,0.709981
MLP,1,SVM-SMOTE,0.944274,0.843750,0.709848,0.854463,0.709981
MLP,1,ADASYN,0.943253,0.846561,0.718971,0.858317,0.719817
MLP,1,G-SMOTE,0.943717,0.852632,0.728839,0.863472,0.729386
MLP,1,CiFRUS (train),0.940095,0.819149,0.670303,0.833844,0.671440
MLP,1,CiFRUS (train/test),0.937308,0.844920,0.718604,0.857667,0.720268
MLP,1,CiFRUS (balanced-train/test),0.936194,0.827225,0.680625,0.839649,0.680912
MLP,2,Baseline,0.945946,0.878307,0.777115,0.887295,0.778029
MLP,2,ROS,0.945482,0.873684,0.767576,0.882790,0.768153
MLP,2,RUS,0.942788,0.857143,0.738353,0.867976,0.739221
MLP,2,SMOTE,0.946039,0.872340,0.767273,0.882140,0.768575
MLP,2,Borderline-SMOTE,0.943438,0.867725,0.757734,0.877635,0.758625
MLP,2,SVM-SMOTE,0.943996,0.875000,0.767879,0.883440,0.768022
MLP,2,ADASYN,0.943717,0.878307,0.777115,0.887295,0.778029
MLP,2,G-SMOTE,0.946503,0.869110,0.758050,0.878286,0.758369
MLP,2,CiFRUS (train),0.942695,0.857143,0.738353,0.867976,0.739221
MLP,2,CiFRUS (train/test),0.940095,0.842105,0.709470,0.853813,0.710003
MLP,2,CiFRUS (balanced-train/test),0.936937,0.844920,0.718604,0.857667,0.720268
MLP,3,Baseline,0.943531,0.861702,0.747879,0.872481,0.749148
MLP,3,ROS,0.945389,0.861702,0.747879,0.872481,0.749148
MLP,3,RUS,0.946503,0.882979,0.786667,0.891799,0.788002
MLP,3,SMOTE,0.945482,0.860215,0.747549,0.871831,0.749815
MLP,3,Borderline-SMOTE,0.943160,0.861702,0.747879,0.872481,0.749148
MLP,3,SVM-SMOTE,0.947339,0.866310,0.757417,0.876985,0.759171
MLP,3,ADASYN,0.943531,0.861702,0.747879,0.872481,0.749148
MLP,3,G-SMOTE,0.942788,0.857143,0.738353,0.867976,0.739221
MLP,3,CiFRUS (train),0.942695,0.849462,0.728130,0.862171,0.730337
MLP,3,CiFRUS (train/test),0.939630,0.835165,0.707947,0.851212,0.712828
MLP,3,CiFRUS (balanced-train/test),0.940188,0.828729,0.698014,0.846057,0.703680
MLP,4,Baseline,0.925327,0.831579,0.690101,0.844153,0.690620
MLP,4,ROS,0.926906,0.840426,0.709091,0.853162,0.710294
MLP,4,RUS,0.915204,0.827225,0.680625,0.839649,0.680912
MLP,4,SMOTE,0.926906,0.825397,0.680209,0.838999,0.681009
MLP,4,Borderline-SMOTE,0.923284,0.821053,0.670733,0.834494,0.671237
MLP,4,SVM-SMOTE,0.922170,0.829787,0.689697,0.843503,0.690867
MLP,4,ADASYN,0.925885,0.831579,0.690101,0.844153,0.690620
MLP,4,G-SMOTE,0.921798,0.821053,0.670733,0.834494,0.671237
MLP,4,CiFRUS (train),0.927185,0.823529,0.679791,0.838349,0.681365
MLP,4,CiFRUS (train/test),0.925606,0.826087,0.688885,0.842203,0.692164
MLP,4,CiFRUS (balanced-train/test),0.921427,0.832432,0.698804,0.847358,0.701491
MLP,5,Baseline,0.944088,0.854054,0.737668,0.866676,0.740505
MLP,5,ROS,0.946875,0.875676,0.776532,0.885994,0.779518
MLP,5,RUS,0.936937,0.863158,0.748207,0.873131,0.748769
MLP,5,SMOTE,0.945574,0.866310,0.757417,0.876985,0.759171
MLP,5,Borderline-SMOTE,0.942231,0.867725,0.757734,0.877635,0.758625
MLP,5,SVM-SMOTE,0.942788,0.866310,0.757417,0.876985,0.759171
MLP,5,ADASYN,0.944553,0.854054,0.737668,0.866676,0.740505
MLP,5,G-SMOTE,0.939537,0.847826,0.727774,0.861521,0.731238
MLP,5,CiFRUS (train),0.941859,0.864865,0.757100,0.876335,0.760011
MLP,5,CiFRUS (train/test),0.937959,0.836957,0.708329,0.851862,0.711701
MLP,5,CiFRUS (balanced-train/test),0.935079,0.842105,0.709470,0.853813,0.710003
MLP,6,Baseline,0.941302,0.861702,0.747879,0.872481,0.749148
MLP,6,ROS,0.940838,0.854054,0.737668,0.866676,0.740505
MLP,6,RUS,0.937773,0.863158,0.748207,0.873131,0.748769
MLP,6,SMOTE,0.939909,0.866310,0.757417,0.876985,0.759171
MLP,6,Borderline-SMOTE,0.938702,0.857143,0.738353,0.867976,0.739221
MLP,6,SVM-SMOTE,0.943996,0.867725,0.757734,0.877635,0.758625
MLP,6,ADASYN,0.940838,0.861702,0.747879,0.872481,0.749148
MLP,6,G-SMOTE,0.941488,0.857143,0.738353,0.867976,0.739221
MLP,6,CiFRUS (train),0.941116,0.866310,0.757417,0.876985,0.759171
MLP,6,CiFRUS (train/test),0.942417,0.844920,0.718604,0.857667,0.720268
MLP,6,CiFRUS (balanced-train/test),0.936658,0.835165,0.707947,0.851212,0.712828
MLP,7,Baseline,0.939723,0.863158,0.748207,0.873131,0.748769
MLP,7,ROS,0.941581,0.854167,0.729192,0.864122,0.729328
MLP,7,RUS,0.937866,0.851282,0.720067,0.860267,0.720100
MLP,7,SMOTE,0.941581,0.858639,0.738693,0.868626,0.739005
MLP,7,Borderline-SMOTE,0.938702,0.854167,0.729192,0.864122,0.729328
MLP,7,SVM-SMOTE,0.938330,0.854167,0.729192,0.864122,0.729328
MLP,7,ADASYN,0.939166,0.857143,0.738353,0.867976,0.739221
MLP,7,G-SMOTE,0.939816,0.858639,0.738693,0.868626,0.739005
MLP,7,CiFRUS (train),0.937587,0.851064,0.728485,0.862822,0.729721
MLP,7,CiFRUS (train/test),0.936844,0.838710,0.708711,0.852512,0.710858
MLP,7,CiFRUS (balanced-train/test),0.939352,0.852632,0.728839,0.863472,0.729386
MLP,8,Baseline,0.943717,0.877005,0.776824,0.886644,0.778622
MLP,8,ROS,0.939630,0.866310,0.757417,0.876985,0.759171
MLP,8,RUS,0.932200,0.852632,0.728839,0.863472,0.729386
MLP,8,SMOTE,0.941023,0.861702,0.747879,0.872481,0.749148
MLP,8,Borderline-SMOTE,0.941209,0.858639,0.738693,0.868626,0.739005
MLP,8,SVM-SMOTE,0.939909,0.867725,0.757734,0.877635,0.758625
MLP,8,ADASYN,0.942138,0.861702,0.747879,0.872481,0.749148
MLP,8,G-SMOTE,0.940559,0.855615,0.738011,0.867326,0.739719
MLP,8,CiFRUS (train),0.932479,0.838710,0.708711,0.852512,0.710858
MLP,8,CiFRUS (train/test),0.928857,0.840426,0.709091,0.853162,0.710294
MLP,8,CiFRUS (balanced-train/test),0.927556,0.842105,0.709470,0.853813,0.710003
MLP,9,Baseline,0.941023,0.877005,0.776824,0.886644,0.778622
MLP,9,ROS,0.940559,0.852632,0.728839,0.863472,0.729386
MLP,9,RUS,0.932479,0.834225,0.699198,0.848008,0.700816
MLP,9,SMOTE,0.942231,0.844920,0.718604,0.857667,0.720268
MLP,9,Borderline-SMOTE,0.943253,0.872340,0.767273,0.882140,0.768575
MLP,9,SVM-SMOTE,0.941674,0.872340,0.767273,0.882140,0.768575
MLP,9,ADASYN,0.938980,0.882979,0.786667,0.891799,0.788002
MLP,9,G-SMOTE,0.940466,0.854054,0.737668,0.866676,0.740505
MLP,9,CiFRUS (train),0.934151,0.824176,0.688477,0.841553,0.693224
MLP,9,CiFRUS (train/test),0.928764,0.830601,0.698410,0.846708,0.702444
MLP,9,CiFRUS (balanced-train/test),0.928671,0.841530,0.717867,0.856367,0.722013
DT,0,Baseline,0.726943,0.698925,0.456260,0.726943,0.457643
DT,0,ROS,0.724389,0.704663,0.449071,0.724389,0.449092
DT,0,RUS,0.771431,0.764706,0.539356,0.771431,0.541857
DT,0,SMOTE,0.708925,0.684211,0.418940,0.708925,0.419255
DT,0,Borderline-SMOTE,0.687053,0.670051,0.373378,0.687053,0.373534
DT,0,SVM-SMOTE,0.701217,0.683673,0.401911,0.701217,0.401986
DT,0,ADASYN,0.742407,0.719577,0.486396,0.742407,0.486968
DT,0,G-SMOTE,0.745658,0.733668,0.489724,0.745658,0.490293
DT,0,CiFRUS (train),0.801012,0.785340,0.603201,0.801012,0.603456
DT,0,CiFRUS (train/test),0.845965,0.770053,0.582758,0.790053,0.584107
DT,0,CiFRUS (balanced-train/test),0.767484,0.685083,0.444736,0.720489,0.448346
DT,1,Baseline,0.720535,0.704082,0.440497,0.720535,0.440579
DT,1,ROS,0.714730,0.694301,0.429740,0.714730,0.429760
DT,1,RUS,0.739203,0.721649,0.478406,0.739203,0.478406
DT,1,SMOTE,0.701217,0.683673,0.401911,0.701217,0.401986
DT,1,Borderline-SMOTE,0.710876,0.693878,0.421204,0.710876,0.421282
DT,1,SVM-SMOTE,0.736649,0.726368,0.471154,0.736649,0.472225
DT,1,ADASYN,0.719885,0.701031,0.439770,0.719885,0.439770
DT,1,G-SMOTE,0.748212,0.729167,0.497071,0.748212,0.497164
DT,1,CiFRUS (train),0.708925,0.684211,0.418940,0.708925,0.419255
DT,1,CiFRUS (train/test),0.784202,0.717391,0.494438,0.745612,0.496791
DT,1,CiFRUS (balanced-train/test),0.786199,0.695187,0.446912,0.722439,0.447946
DT,2,Baseline,0.734699,0.717949,0.469092,0.734699,0.469114
DT,2,ROS,0.730844,0.717172,0.460491,0.730844,0.460833
DT,2,RUS,0.712826,0.702970,0.423450,0.712826,0.424707
DT,2,SMOTE,0.764326,0.751269,0.527623,0.764326,0.527844
DT,2,Borderline-SMOTE,0.723136,0.715686,0.443388,0.723136,0.445444
DT,2,SVM-SMOTE,0.724389,0.704663,0.449071,0.724389,0.449092
DT,2,ADASYN,0.734048,0.715026,0.468401,0.734048,0.468423
DT,2,G-SMOTE,0.721185,0.707071,0.441223,0.721185,0.441551
DT,2,CiFRUS (train),0.790703,0.772487,0.583302,0.790703,0.583988
DT,2,CiFRUS (train/test),0.815826,0.731183,0.514518,0.755921,0.516077
DT,2,CiFRUS (balanced-train/test),0.792050,0.760417,0.555101,0.777190,0.555205
DT,3,Baseline,0.683152,0.648649,0.368460,0.683152,0.369877
DT,3,ROS,0.695412,0.673575,0.391078,0.695412,0.391096
DT,3,RUS,0.714080,0.691099,0.428997,0.714080,0.429178
DT,3,SMOTE,0.718585,0.694737,0.438309,0.718585,0.438638
DT,3,Borderline-SMOTE,0.714730,0.694301,0.429740,0.714730,0.429760
DT,3,SVM-SMOTE,0.766230,0.744681,0.534545,0.766230,0.535453
DT,3,ADASYN,0.683152,0.648649,0.368460,0.683152,0.369877
DT,3,G-SMOTE,0.735302,0.703297,0.474305,0.735302,0.477575
DT,3,CiFRUS (train),0.721185,0.707071,0.441223,0.721185,0.441551
DT,3,CiFRUS (train/test),0.777236,0.717172,0.460491,0.730844,0.460833
DT,3,CiFRUS (balanced-train/test),0.793489,0.725389,0.487732,0.743708,0.487755
DT,4,Baseline,0.747562,0.726316,0.496415,0.747562,0.496788
DT,4,ROS,0.714080,0.691099,0.428997,0.714080,0.429178
DT,4,RUS,0.723136,0.715686,0.443388,0.723136,0.445444
DT,4,SMOTE,0.738553,0.718750,0.477727,0.738553,0.477817
DT,4,Borderline-SMOTE,0.707021,0.693467,0.412701,0.707021,0.413180
DT,4,SVM-SMOTE,0.692208,0.676768,0.383418,0.692208,0.383703
DT,4,ADASYN,0.742407,0.719577,0.486396,0.742407,0.486968
DT,4,G-SMOTE,0.761122,0.752475,0.519542,0.761122,0.521084
DT,4,CiFRUS (train),0.745658,0.733668,0.489724,0.745658,0.490293
DT,4,CiFRUS (train/test),0.820795,0.742268,0.517043,0.758521,0.517043
DT,4,CiFRUS (balanced-train/test),0.804124,0.720812,0.469781,0.735349,0.469978
DT,5,Baseline,0.739853,0.724490,0.479084,0.739853,0.479173
DT,5,ROS,0.754017,0.738462,0.507704,0.754017,0.507727
DT,5,RUS,0.734095,0.730769,0.463967,0.734095,0.468190
DT,5,SMOTE,0.724389,0.704663,0.449071,0.724389,0.449092
DT,5,Borderline-SMOTE,0.755317,0.743719,0.508980,0.755317,0.509571
DT,5,SVM-SMOTE,0.722439,0.695187,0.446912,0.722439,0.447946
DT,5,ADASYN,0.739853,0.724490,0.479084,0.739853,0.479173
DT,5,G-SMOTE,0.732145,0.722772,0.461887,0.732145,0.463258
DT,5,CiFRUS (train),0.758521,0.742268,0.517043,0.758521,0.517043
DT,5,CiFRUS (train/test),0.792746,0.725389,0.487732,0.743708,0.487755
DT,5,CiFRUS (balanced-train/test),0.784248,0.755319,0.553939,0.775889,0.554879
DT,6,Baseline,0.763630,0.733333,0.532102,0.763630,0.537128
DT,6,ROS,0.759172,0.744898,0.517670,0.759172,0.517766
DT,6,RUS,0.718585,0.694737,0.438309,0.718585,0.438638
DT,6,SMOTE,0.738553,0.718750,0.477727,0.738553,0.477817
DT,6,Borderline-SMOTE,0.702517,0.690000,0.403460,0.702517,0.404134
DT,6,SVM-SMOTE,0.722439,0.695187,0.446912,0.722439,0.447946
DT,6,ADASYN,0.763630,0.733333,0.532102,0.763630,0.537128
DT,6,G-SMOTE,0.749512,0.734694,0.498377,0.749512,0.498470
DT,6,CiFRUS (train),0.763630,0.733333,0.532102,0.763630,0.537128
DT,6,CiFRUS (train/test),0.808535,0.747253,0.552186,0.773939,0.555993
DT,6,CiFRUS (balanced-train/test),0.794140,0.709677,0.475679,0.736603,0.477121
DT,7,Baseline,0.665784,0.638743,0.332217,0.665784,0.332357
DT,7,ROS,0.695412,0.673575,0.391078,0.695412,0.391096
DT,7,RUS,0.683802,0.652406,0.369285,0.683802,0.370140
DT,7,SMOTE,0.696062,0.676923,0.391869,0.696062,0.391888
DT,7,Borderline-SMOTE,0.733398,0.712042,0.467709,0.733398,0.467906
DT,7,SVM-SMOTE,0.676094,0.652850,0.352416,0.676094,0.352433
DT,7,ADASYN,0.671589,0.649485,0.343178,0.671589,0.343178
DT,7,G-SMOTE,0.710876,0.693878,0.421204,0.710876,0.421282
DT,7,CiFRUS (train),0.802963,0.791878,0.604746,0.802963,0.604999
DT,7,CiFRUS (train/test),0.829061,0.783920,0.586003,0.793954,0.586683
DT,7,CiFRUS (balanced-train/test),0.797901,0.742268,0.517043,0.758521,0.517043
DT,8,Baseline,0.710876,0.693878,0.421204,0.710876,0.421282
DT,8,ROS,0.740503,0.727273,0.479759,0.740503,0.480116
DT,8,RUS,0.716681,0.703518,0.431957,0.716681,0.432458
DT,8,SMOTE,0.703817,0.696078,0.405001,0.703817,0.406879
DT,8,Borderline-SMOTE,0.700567,0.680412,0.401133,0.700567,0.401133
DT,8,SVM-SMOTE,0.724389,0.704663,0.449071,0.724389,0.449092
DT,8,ADASYN,0.701217,0.683673,0.401911,0.701217,0.401986
DT,8,G-SMOTE,0.685149,0.679612,0.367432,0.685149,0.369886
DT,8,CiFRUS (train),0.784898,0.763441,0.572776,0.784898,0.574512
DT,8,CiFRUS (train/test),0.830454,0.744681,0.534545,0.766230,0.535453
DT,8,CiFRUS (balanced-train/test),0.794836,0.728205,0.488398,0.744358,0.488421
DT,9,Baseline,0.700567,0.680412,0.401133,0.700567,0.401133
DT,9,ROS,0.748212,0.729167,0.497071,0.748212,0.497164
DT,9,RUS,0.721139,0.688525,0.445463,0.721139,0.448036
DT,9,SMOTE,0.713430,0.687831,0.428252,0.713430,0.428756
DT,9,Borderline-SMOTE,0.717934,0.691489,0.437576,0.717934,0.438318
DT,9,SVM-SMOTE,0.728894,0.708333,0.458384,0.728894,0.458469
DT,9,ADASYN,0.705071,0.683938,0.410409,0.705071,0.410428
DT,9,G-SMOTE,0.708972,0.702439,0.414976,0.708972,0.417305
DT,9,CiFRUS (train),0.726340,0.713568,0.451213,0.726340,0.451736
DT,9,CiFRUS (train/test),0.798040,0.723618,0.470468,0.735999,0.471015
DT,9,CiFRUS (balanced-train/test),0.823674,0.756757,0.562780,0.779744,0.564944
ADB,0,Baseline,0.878146,0.758242,0.571656,0.783598,0.575597
ADB,0,ROS,0.880282,0.797872,0.631515,0.814526,0.632587
ADB,0,RUS,0.884926,0.800000,0.631996,0.815176,0.632470
ADB,0,SMOTE,0.874431,0.802139,0.640978,0.819030,0.642462
ADB,0,Borderline-SMOTE,0.867651,0.812834,0.660384,0.828690,0.661913
ADB,0,SVM-SMOTE,0.890127,0.802083,0.632475,0.815826,0.632593
ADB,0,ADASYN,0.885483,0.778378,0.601644,0.799062,0.603958
ADB,0,G-SMOTE,0.869602,0.787234,0.612121,0.804867,0.613160
ADB,0,CiFRUS (train),0.915018,0.817204,0.669872,0.833194,0.671902
ADB,0,CiFRUS (train/test),0.922541,0.830601,0.698410,0.846708,0.702444
ADB,0,CiFRUS (balanced-train/test),0.912510,0.812834,0.660384,0.828690,0.661913
ADB,1,Baseline,0.881490,0.848485,0.710977,0.856413,0.711506
ADB,1,ROS,0.883440,0.822335,0.662588,0.831940,0.662865
ADB,1,RUS,0.914275,0.837696,0.699981,0.849308,0.700277
ADB,1,SMOTE,0.896071,0.793651,0.622065,0.810021,0.622796
ADB,1,Borderline-SMOTE,0.858549,0.785714,0.594843,0.797808,0.594954
ADB,1,SVM-SMOTE,0.909074,0.819149,0.670303,0.833844,0.671440
ADB,1,ADASYN,0.874617,0.824742,0.671589,0.835795,0.671589
ADB,1,G-SMOTE,0.909631,0.791444,0.621571,0.809371,0.623010
ADB,1,CiFRUS (train),0.915204,0.808290,0.642379,0.820981,0.642409
ADB,1,CiFRUS (train/test),0.926070,0.814433,0.652271,0.826135,0.652271
ADB,1,CiFRUS (balanced-train/test),0.927556,0.837696,0.699981,0.849308,0.700277
ADB,2,Baseline,0.902387,0.815217,0.669440,0.832544,0.672627
ADB,2,ROS,0.910839,0.812500,0.651818,0.825485,0.651940
ADB,2,RUS,0.878889,0.806122,0.633429,0.817126,0.633547
ADB,2,SMOTE,0.911675,0.840000,0.692108,0.847404,0.693265
ADB,2,Borderline-SMOTE,0.915018,0.847291,0.702308,0.853209,0.704946
ADB,2,SVM-SMOTE,0.910189,0.826531,0.672016,0.836445,0.672141
ADB,2,ADASYN,0.909910,0.802139,0.640978,0.819030,0.642462
ADB,2,G-SMOTE,0.882419,0.773869,0.566747,0.784295,0.567405
ADB,2,CiFRUS (train),0.911117,0.800000,0.631996,0.815176,0.632470
ADB,2,CiFRUS (train/test),0.927464,0.833333,0.690505,0.844804,0.690634
ADB,2,CiFRUS (balanced-train/test),0.926070,0.821053,0.670733,0.834494,0.671237
ADB,3,Baseline,0.908145,0.827957,0.689291,0.842853,0.691380
ADB,3,ROS,0.884833,0.773481,0.600599,0.797762,0.605474
ADB,3,RUS,0.888084,0.778378,0.601644,0.799062,0.603958
ADB,3,SMOTE,0.891335,0.770950,0.600075,0.797112,0.606603
ADB,3,Borderline-SMOTE,0.883997,0.816754,0.661269,0.829990,0.661548
ADB,3,SVM-SMOTE,0.909910,0.827957,0.689291,0.842853,0.691380
ADB,3,ADASYN,0.908145,0.827957,0.689291,0.842853,0.691380
ADB,3,G-SMOTE,0.874988,0.801980,0.615633,0.809418,0.617461
ADB,3,CiFRUS (train),0.915390,0.784530,0.620082,0.807421,0.625115
ADB,3,CiFRUS (train/test),0.925142,0.827957,0.689291,0.842853,0.691380
ADB,3,CiFRUS (balanced-train/test),0.915390,0.778947,0.593258,0.795858,0.593704
ADB,4,Baseline,0.867373,0.771739,0.591661,0.793907,0.594478
ADB,4,ROS,0.861428,0.761905,0.563921,0.781044,0.564584
ADB,4,RUS,0.853070,0.761905,0.563921,0.781044,0.564584
ADB,4,SMOTE,0.881861,0.804124,0.632953,0.816476,0.632953
ADB,4,Borderline-SMOTE,0.853720,0.757895,0.554521,0.776539,0.554937
ADB,4,SVM-SMOTE,0.881118,0.787565,0.603717,0.801662,0.603746
ADB,4,ADASYN,0.879261,0.778378,0.601644,0.799062,0.603958
ADB,4,G-SMOTE,0.851119,0.746114,0.526394,0.763026,0.526419
ADB,4,CiFRUS (train),0.919662,0.829016,0.681041,0.840299,0.681073
ADB,4,CiFRUS (train/test),0.924492,0.822917,0.671162,0.835144,0.671287
ADB,4,CiFRUS (balanced-train/test),0.898022,0.822335,0.662588,0.831940,0.662865
ADB,5,Baseline,0.912325,0.806283,0.641913,0.820331,0.642184
ADB,5,ROS,0.878332,0.770053,0.582758,0.790053,0.584107
ADB,5,RUS,0.913068,0.834225,0.699198,0.848008,0.700816
ADB,5,SMOTE,0.885391,0.810526,0.651364,0.824835,0.651853
ADB,5,Borderline-SMOTE,0.891520,0.812183,0.643307,0.822281,0.643577
ADB,5,SVM-SMOTE,0.886412,0.784946,0.611614,0.804217,0.613468
ADB,5,ADASYN,0.912418,0.816754,0.661269,0.829990,0.661548
ADB,5,G-SMOTE,0.880375,0.778378,0.601644,0.799062,0.603958
ADB,5,CiFRUS (train),0.919662,0.808511,0.650909,0.824185,0.652014
ADB,5,CiFRUS (train/test),0.924956,0.835979,0.699590,0.848658,0.700413
ADB,5,CiFRUS (balanced-train/test),0.920591,0.812500,0.651818,0.825485,0.651940
ADB,6,Baseline,0.893749,0.808290,0.642379,0.820981,0.642409
ADB,6,ROS,0.895607,0.795918,0.614136,0.807467,0.614250
ADB,6,RUS,0.894028,0.808081,0.633905,0.817777,0.634376
ADB,6,SMOTE,0.913346,0.841026,0.700761,0.850608,0.700794
ADB,6,Borderline-SMOTE,0.897279,0.796020,0.605769,0.804263,0.607146
ADB,6,SVM-SMOTE,0.907031,0.831579,0.690101,0.844153,0.690620
ADB,6,ADASYN,0.894864,0.810526,0.651364,0.824835,0.651853
ADB,6,G-SMOTE,0.899415,0.796020,0.605769,0.804263,0.607146
ADB,6,CiFRUS (train),0.928857,0.843750,0.709848,0.854463,0.709981
ADB,6,CiFRUS (train/test),0.932200,0.857143,0.738353,0.867976,0.739221
ADB,6,CiFRUS (balanced-train/test),0.925420,0.831579,0.690101,0.844153,0.690620
ADB,7,Baseline,0.877310,0.783069,0.602684,0.800362,0.603392
ADB,7,ROS,0.879075,0.812834,0.660384,0.828690,0.661913
ADB,7,RUS,0.890313,0.774869,0.583845,0.791353,0.584091
ADB,7,SMOTE,0.869323,0.766839,0.565056,0.782344,0.565082
ADB,7,Borderline-SMOTE,0.868394,0.787234,0.612121,0.804867,0.613160
ADB,7,SVM-SMOTE,0.877775,0.756757,0.562780,0.779744,0.564944
ADB,7,ADASYN,0.870530,0.787234,0.612121,0.804867,0.613160
ADB,7,G-SMOTE,0.892171,0.808290,0.642379,0.820981,0.642409
ADB,7,CiFRUS (train),0.899601,0.778947,0.593258,0.795858,0.593704
ADB,7,CiFRUS (train/test),0.906288,0.789474,0.612627,0.805517,0.613087
ADB,7,CiFRUS (balanced-train/test),0.899229,0.816327,0.652722,0.826786,0.652844
ADB,8,Baseline,0.918547,0.825397,0.680209,0.838999,0.681009
ADB,8,ROS,0.885855,0.797814,0.640037,0.817730,0.643734
ADB,8,RUS,0.871923,0.784946,0.611614,0.804217,0.613468
ADB,8,SMOTE,0.892635,0.812500,0.651818,0.825485,0.651940
ADB,8,Borderline-SMOTE,0.890127,0.800000,0.631996,0.815176,0.632470
ADB,8,SVM-SMOTE,0.896629,0.823529,0.679791,0.838349,0.681365
ADB,8,ADASYN,0.913904,0.821622,0.679372,0.837699,0.681985
ADB,8,G-SMOTE,0.906938,0.810526,0.651364,0.824835,0.651853
ADB,8,CiFRUS (train),0.925420,0.857143,0.738353,0.867976,0.739221
ADB,8,CiFRUS (train/test),0.918269,0.830601,0.698410,0.846708,0.702444
ADB,8,CiFRUS (balanced-train/test),0.907867,0.808290,0.642379,0.820981,0.642409
ADB,9,Baseline,0.883812,0.824742,0.671589,0.835795,0.671589
ADB,9,ROS,0.890963,0.816754,0.661269,0.829990,0.661548
ADB,9,RUS,0.879446,0.789474,0.612627,0.805517,0.613087
ADB,9,SMOTE,0.901830,0.804348,0.649995,0.822885,0.653089
ADB,9,Borderline-SMOTE,0.878146,0.793814,0.613634,0.806817,0.613634
ADB,9,SVM-SMOTE,0.888734,0.835979,0.699590,0.848658,0.700413
ADB,9,ADASYN,0.889106,0.821053,0.670733,0.834494,0.671237
ADB,9,G-SMOTE,0.877868,0.800000,0.623538,0.811972,0.623567
ADB,9,CiFRUS (train),0.908981,0.821053,0.670733,0.834494,0.671237
ADB,9,CiFRUS (train/test),0.912696,0.795812,0.622557,0.810671,0.622820
ADB,9,CiFRUS (balanced-train/test),0.920126,0.843750,0.709848,0.854463,0.709981
RF,0,Baseline,0.931132,0.804348,0.649995,0.822885,0.653089
RF,0,ROS,0.931225,0.802198,0.649537,0.822235,0.654015
RF,0,RUS,0.936658,0.837696,0.699981,0.849308,0.700277
RF,0,SMOTE,0.938794,0.832432,0.698804,0.847358,0.701491
RF,0,Borderline-SMOTE,0.926906,0.831579,0.690101,0.844153,0.690620
RF,0,SVM-SMOTE,0.937448,0.814815,0.660827,0.829340,0.661605
RF,0,ADASYN,0.932061,0.804348,0.649995,0.822885,0.653089
RF,0,G-SMOTE,0.929971,0.821053,0.670733,0.834494,0.671237
RF,0,CiFRUS (train),0.948686,0.854054,0.737668,0.866676,0.740505
RF,0,CiFRUS (train/test),0.954026,0.846154,0.727417,0.860871,0.732432
RF,0,CiFRUS (balanced-train/test),0.948407,0.841530,0.717867,0.856367,0.722013
RF,1,Baseline,0.933733,0.808989,0.668137,0.830593,0.676437
RF,1,ROS,0.933872,0.810811,0.659940,0.828039,0.662478
RF,1,RUS,0.936612,0.821053,0.670733,0.834494,0.671237
RF,1,SMOTE,0.930575,0.808511,0.650909,0.824185,0.652014
RF,1,Borderline-SMOTE,0.931271,0.833333,0.690505,0.844804,0.690634
RF,1,SVM-SMOTE,0.935590,0.842105,0.709470,0.853813,0.710003
RF,1,ADASYN,0.935033,0.815642,0.678109,0.835748,0.685486
RF,1,G-SMOTE,0.936194,0.839378,0.700372,0.849958,0.700404
RF,1,CiFRUS (train),0.957741,0.872340,0.767273,0.882140,0.768575
RF,1,CiFRUS (train/test),0.959042,0.877005,0.776824,0.886644,0.778622
RF,1,CiFRUS (balanced-train/test),0.954583,0.834225,0.699198,0.848008,0.700816
RF,2,Baseline,0.932572,0.841530,0.717867,0.856367,0.722013
RF,2,ROS,0.931225,0.846561,0.718971,0.858317,0.719817
RF,2,RUS,0.925606,0.828283,0.672441,0.837095,0.672941
RF,2,SMOTE,0.937262,0.834225,0.699198,0.848008,0.700816
RF,2,Borderline-SMOTE,0.942277,0.845361,0.710226,0.855113,0.710226
RF,2,SVM-SMOTE,0.943856,0.846561,0.718971,0.858317,0.719817
RF,2,ADASYN,0.933175,0.849462,0.728130,0.862171,0.730337
RF,2,G-SMOTE,0.939073,0.830769,0.681455,0.840949,0.681487
RF,2,CiFRUS (train),0.964707,0.874317,0.776239,0.885344,0.780723
RF,2,CiFRUS (train/test),0.967447,0.860335,0.756143,0.874385,0.764369
RF,2,CiFRUS (balanced-train/test),0.955141,0.875676,0.776532,0.885994,0.779518
RF,3,Baseline,0.941488,0.815217,0.669440,0.832544,0.672627
RF,3,ROS,0.937448,0.802198,0.649537,0.822235,0.654015
RF,3,RUS,0.939909,0.840426,0.709091,0.853162,0.710294
RF,3,SMOTE,0.941209,0.829787,0.689697,0.843503,0.690867
RF,3,Borderline-SMOTE,0.945992,0.827957,0.689291,0.842853,0.691380
RF,3,SVM-SMOTE,0.950311,0.858696,0.747219,0.871180,0.750776
RF,3,ADASYN,0.941488,0.815217,0.669440,0.832544,0.672627
RF,3,G-SMOTE,0.948825,0.860215,0.747549,0.871831,0.749815
RF,3,CiFRUS (train),0.965636,0.893617,0.806061,0.901458,0.807428
RF,3,CiFRUS (train/test),0.969119,0.886486,0.795964,0.895653,0.799025
RF,3,CiFRUS (balanced-train/test),0.950961,0.826087,0.688885,0.842203,0.692164
RF,4,Baseline,0.912557,0.812834,0.660384,0.828690,0.661913
RF,4,ROS,0.917108,0.806452,0.650453,0.823535,0.652424
RF,4,RUS,0.916643,0.808290,0.642379,0.820981,0.642409
RF,4,SMOTE,0.920776,0.814815,0.660827,0.829340,0.661605
RF,4,Borderline-SMOTE,0.923609,0.818653,0.661710,0.830640,0.661741
RF,4,SVM-SMOTE,0.925699,0.831579,0.690101,0.844153,0.690620
RF,4,ADASYN,0.913068,0.806452,0.650453,0.823535,0.652424
RF,4,G-SMOTE,0.918129,0.810526,0.651364,0.824835,0.651853
RF,4,CiFRUS (train),0.947571,0.831579,0.690101,0.844153,0.690620
RF,4,CiFRUS (train/test),0.949289,0.844920,0.718604,0.857667,0.720268
RF,4,CiFRUS (balanced-train/test),0.947896,0.858639,0.738693,0.868626,0.739005
RF,5,Baseline,0.930389,0.811111,0.668572,0.831244,0.674887
RF,5,ROS,0.945482,0.846154,0.727417,0.860871,0.732432
RF,5,RUS,0.930111,0.829016,0.681041,0.840299,0.681073
RF,5,SMOTE,0.943392,0.843243,0.718236,0.857017,0.720998
RF,5,Borderline-SMOTE,0.942974,0.836957,0.708329,0.851862,0.711701
RF,5,SVM-SMOTE,0.939166,0.843243,0.718236,0.857017,0.720998
RF,5,ADASYN,0.933454,0.815642,0.678109,0.835748,0.685486
RF,5,G-SMOTE,0.939770,0.833333,0.690505,0.844804,0.690634
RF,5,CiFRUS (train),0.961642,0.867725,0.757734,0.877635,0.758625
RF,5,CiFRUS (train/test),0.964196,0.870968,0.766969,0.881490,0.769293
RF,5,CiFRUS (balanced-train/test),0.961967,0.884211,0.786945,0.892449,0.787536
RF,6,Baseline,0.932432,0.824176,0.688477,0.841553,0.693224
RF,6,ROS,0.939491,0.821622,0.679372,0.837699,0.681985
RF,6,RUS,0.938655,0.843750,0.709848,0.854463,0.709981
RF,6,SMOTE,0.943067,0.855615,0.738011,0.867326,0.739719
RF,6,Borderline-SMOTE,0.936519,0.837696,0.699981,0.849308,0.700277
RF,6,SVM-SMOTE,0.933361,0.851282,0.720067,0.860267,0.720100
RF,6,ADASYN,0.932850,0.819672,0.678952,0.837048,0.682874
RF,6,G-SMOTE,0.926581,0.825397,0.680209,0.838999,0.681009
RF,6,CiFRUS (train),0.958206,0.872340,0.767273,0.882140,0.768575
RF,6,CiFRUS (train/test),0.960249,0.854054,0.737668,0.866676,0.740505
RF,6,CiFRUS (balanced-train/test),0.962478,0.874317,0.776239,0.885344,0.780723
RF,7,Baseline,0.925420,0.795812,0.622557,0.810671,0.622820
RF,7,ROS,0.932943,0.814815,0.660827,0.829340,0.661605
RF,7,RUS,0.933826,0.840000,0.692108,0.847404,0.693265
RF,7,SMOTE,0.936333,0.855670,0.729544,0.864772,0.729544
RF,7,Borderline-SMOTE,0.921473,0.814433,0.652271,0.826135,0.652271
RF,7,SVM-SMOTE,0.932200,0.836735,0.691309,0.846104,0.691437
RF,7,ADASYN,0.932200,0.797927,0.623048,0.811322,0.623077
RF,7,G-SMOTE,0.927556,0.833333,0.690505,0.844804,0.690634
RF,7,CiFRUS (train),0.956116,0.869565,0.766664,0.880840,0.770313
RF,7,CiFRUS (train/test),0.957045,0.858696,0.747219,0.871180,0.750776
RF,7,CiFRUS (balanced-train/test),0.947200,0.843243,0.718236,0.857017,0.720998
RF,8,Baseline,0.927881,0.813187,0.669007,0.831894,0.673619
RF,8,ROS,0.933918,0.827957,0.689291,0.842853,0.691380
RF,8,RUS,0.930946,0.839378,0.700372,0.849958,0.700404
RF,8,SMOTE,0.933083,0.817204,0.669872,0.833194,0.671902
RF,8,Borderline-SMOTE,0.948964,0.872340,0.767273,0.882140,0.768575
RF,8,SVM-SMOTE,0.934615,0.838710,0.708711,0.852512,0.710858
RF,8,ADASYN,0.925235,0.802198,0.649537,0.822235,0.654015
RF,8,G-SMOTE,0.936565,0.839378,0.700372,0.849958,0.700404
RF,8,CiFRUS (train),0.954444,0.854054,0.737668,0.866676,0.740505
RF,8,CiFRUS (train/test),0.953562,0.846154,0.727417,0.860871,0.732432
RF,8,CiFRUS (balanced-train/test),0.956116,0.846154,0.727417,0.860871,0.732432
RF,9,Baseline,0.937262,0.800000,0.649077,0.821584,0.655207
RF,9,ROS,0.934244,0.836957,0.708329,0.851862,0.711701
RF,9,RUS,0.935869,0.855670,0.729544,0.864772,0.729544
RF,9,SMOTE,0.940466,0.834225,0.699198,0.848008,0.700816
RF,9,Borderline-SMOTE,0.948268,0.865979,0.748862,0.874431,0.748862
RF,9,SVM-SMOTE,0.937030,0.822917,0.671162,0.835144,0.671287
RF,9,ADASYN,0.939723,0.826087,0.688885,0.842203,0.692164
RF,9,G-SMOTE,0.936473,0.831579,0.690101,0.844153,0.690620
RF,9,CiFRUS (train),0.960156,0.881720,0.786388,0.891149,0.788771
RF,9,CiFRUS (train/test),0.958299,0.854054,0.737668,0.866676,0.740505
RF,9,CiFRUS (balanced-train/test),0.956441,0.861702,0.747879,0.872481,0.749148
